5
14
2
0 0 2 0
1 0
3
1 0 0 1 0 2
0 1
3
2 0 1 0 0 1
1 0
3
1 1 1 0 0 1
0 0
4
2 0 1 1 1 2 0 3
1 1
4
2 0 1 0 0 1 0 2
1 1
4
1 1 1 0 0 1 0 2
0 1
4
0 0 1 0 0 1 0 2
0 1
4
1 0 1 1 1 2 0 3
0 1
4
2 0 1 1 0 1 0 2
1 1
4
2 1 2 0 1 0 0 1
1 0
4
1 1 2 0 1 0 0 1
1 0
4
0 0 0 1 1 1 0 2
0 1
4
0 1 1 1 3 0 2 0
1 0
30 20
68
2 6 3 6 4 6 5 6 8 6 10 6 22 6 2 7 5 7 7 7 10 7 21 7 2 8 6 8 8 8 10 8 22 8 2 9 3 9 4 9 5 9 10 9 12 9 15 9 17 9 18 9 19 9 21 9 2 10 5 10 10 10 12 10 15 10 17 10 20 10 22 10 23 10 24 10 2 11 5 11 10 11 12 11 14 11 16 11 17 11 18 11 19 11 21 11 24 11 2 12 6 12 10 12 13 12 14 12 17 12 22 12 25 12 2 13 6 13 10 13 13 13 17 13 18 13 19 13 21 13 24 13 13 14 12 15
100
10
0 22837 22837 15215 24851 11460 14027 32620 32719 15577
