4
10
4
1 0 0 0 2 0 3 0
1 0
4
1 1 0 1 2 1 3 0
1 1
4
1 0 0 0 2 0 2 1
1 0
4
1 1 0 1 2 1 2 0
1 1
4
1 0 0 0 2 0 1 1
1 0
4
0 1 0 0 1 1 2 0
0 1
4
1 1 0 1 2 0 3 0
1 1
4
1 0 0 0 1 1 2 1
1 0
4
1 1 0 1 1 0 2 0
1 1
4
1 1 0 1 2 0 2 2
1 1
10 15
0

200
50
0 16868 32001 13661 12352 29707 19957 2584 21791 18451 17818 26137 7533 29971 2895 177 8466 17014 23414 23008 15766 6045 13537 31051 12140 26930 28921 8444 29697 8269 12976 28635 16520 22345 22572 12272 6532 2148 23344 19542 22290 2586 19530 11006 8700 30014 21695 26153 13694 20701
