18
26
1
0 0
0 0
1
0 0
0 0
1
0 0
0 0
1
0 0
0 0
1
0 0
0 0
1
0 0
0 0
1
0 0
0 0
1
0 0
0 0
1
0 0
0 0
1
0 0
0 0
1
0 0
3 0
1
0 0
3 0
1
0 0
3 0
1
0 0
3 0
1
0 0
3 0
1
0 0
3 0
1
0 0
3 0
1
0 0
3 0
1
0 0
3 0
1
0 0
3 0
17
1 0 2 0 3 0 0 1 1 1 2 1 3 1 0 2 2 2 4 2 0 3 1 3 2 3 3 3 0 4 2 4 4 4
2 2
9
1 0 1 1 2 2 1 3 2 3 1 4 3 4 0 5 3 5
2 2
9
1 0 1 1 2 2 1 3 2 3 1 4 3 4 0 5 3 5
2 2
9
1 0 1 1 2 2 1 3 2 3 1 4 3 4 0 5 3 5
2 2
9
1 0 1 1 2 2 1 3 2 3 1 4 3 4 0 5 3 5
2 2
9
1 0 1 1 2 2 1 3 2 3 1 4 3 4 0 5 3 5
2 2
30 30
178
9 6 12 6 6 7 7 7 8 7 9 7 10 7 11 7 13 7 15 7 4 8 5 8 6 8 7 8 8 8 9 8 10 8 11 8 12 8 13 8 14 8 15 8 5 9 6 9 8 9 10 9 11 9 12 9 13 9 14 9 15 9 16 9 21 9 22 9 24 9 26 9 27 9 7 10 8 10 9 10 10 10 11 10 16 10 23 10 24 10 25 10 26 10 27 10 28 10 29 10 24 11 26 11 27 11 10 21 14 21 18 21 10 22 15 22 19 22 3 23 9 23 10 23 14 23 19 23 26 23 3 24 4 24 9 24 10 24 14 24 15 24 19 24 20 24 23 24 26 24 2 25 3 25 4 25 8 25 9 25 14 25 19 25 20 25 22 25 23 25 25 25 26 25 2 26 3 26 4 26 5 26 8 26 9 26 11 26 14 26 15 26 20 26 21 26 23 26 24 26 25 26 26 26 28 26 29 26 0 27 1 27 3 27 5 27 6 27 8 27 9 27 10 27 11 27 12 27 13 27 14 27 17 27 18 27 20 27 21 27 22 27 23 27 24 27 25 27 26 27 27 27 29 27 0 28 1 28 2 28 3 28 4 28 5 28 6 28 8 28 9 28 10 28 11 28 12 28 13 28 14 28 15 28 16 28 17 28 19 28 20 28 21 28 22 28 23 28 24 28 26 28 27 28 28 28 29 28 0 29 1 29 2 29 3 29 4 29 5 29 6 29 7 29 9 29 11 29 12 29 14 29 16 29 18 29 19 29 21 29 22 29 23 29 24 29 25 29 26 29 27 29 28 29 29 29
1000
1
0
