0
18
1
0 0
0 0
2
0 0 2 0
1 0
2
0 0 0 2
0 1
3
2 0 0 1 2 2
1 1
3
0 0 1 1 0 2
0 1
2
0 0 1 0
0 0
2
0 0 1 0
1 0
2
0 0 0 1
0 0
2
0 0 0 1
0 1
3
0 0 1 0 2 0
0 0
3
0 0 1 0 2 0
1 0
3
0 0 1 0 2 0
2 0
3
0 0 0 1 0 2
0 0
3
0 0 0 1 0 2
0 1
3
0 0 0 1 0 2
0 2
3
1 0 0 1 1 2
1 0
3
1 0 0 1 1 2
1 1
3
1 0 0 1 1 2
1 2
10 10
0

100
1
0
1
1
1
0 0
0 0
15 15
28
2 4 3 4 4 4 5 4 6 4 11 4 2 5 8 5 11 5 2 6 11 6 2 7 3 7 4 7 8 7 11 7 2 8 9 8 11 8 2 9 8 9 2 10 3 10 4 10 5 10 6 10 9 10 11 10
100
1
0
2
33
5
2 0 1 1 1 2 0 3 0 4
1 2
5
3 0 2 0 1 1 1 2 0 3
1 1
5
2 1 2 0 1 1 1 2 0 3
1 1
5
1 0 2 0 1 1 1 2 0 3
1 1
5
1 0 1 1 1 2 0 3 0 4
0 2
5
2 2 1 1 2 0 1 2 0 3
1 1
5
3 0 2 1 1 1 1 2 0 3
1 1
5
3 0 2 0 1 0 0 1 0 2
1 1
5
2 1 2 0 1 0 0 1 0 2
1 1
5
1 1 2 0 1 0 0 1 0 2
1 1
5
0 0 1 0 2 0 0 1 0 2
1 1
5
1 0 1 1 2 1 1 2 0 3
1 1
5
1 2 0 1 2 0 1 0 0 2
1 1
5
0 1 1 1 3 0 2 0 1 2
1 1
5
0 3 0 2 2 0 1 0 0 1
1 1
5
0 2 1 2 3 0 2 0 1 1
1 1
5
2 1 1 1 1 0 0 1 0 2
1 1
5
2 2 1 1 1 0 0 1 0 2
1 1
5
1 2 1 1 1 0 0 1 0 2
0 1
5
0 0 1 0 1 1 0 1 0 2
0 1
5
0 1 1 1 2 1 2 0 1 2
1 1
5
0 3 0 2 1 1 1 0 0 1
0 1
5
1 0 0 1 1 1 1 2 0 3
0 1
5
0 3 0 2 0 0 1 0 0 1
0 1
5
1 0 0 1 1 2 0 3 0 4
0 2
5
0 0 1 0 1 1 1 2 0 3
0 1
5
1 4 0 3 1 0 1 1 1 2
0 2
5
3 0 2 0 1 1 0 1 0 2
1 1
5
2 0 2 1 2 2 1 2 0 3
1 1
5
2 2 1 1 2 0 0 1 0 2
1 1
5
2 2 2 1 2 0 1 0 0 1
1 1
5
0 0 0 1 2 2 1 1 0 2
1 1
5
0 1 1 1 3 1 3 0 2 0
1 0
15 30
0

100
10
0 679 13639 13948 29639 15385 16783 23862 25221 23027
3
14
2
0 0 2 0
1 0
3
1 0 0 1 0 2
0 1
3
2 0 1 0 0 1
1 0
3
1 1 1 0 0 1
0 0
4
2 0 1 1 1 2 0 3
1 1
4
2 0 1 0 0 1 0 2
1 1
4
1 1 1 0 0 1 0 2
0 1
4
0 0 1 0 0 1 0 2
0 1
4
1 0 1 1 1 2 0 3
0 1
4
2 0 1 1 0 1 0 2
1 1
4
2 1 2 0 1 0 0 1
1 0
4
1 1 2 0 1 0 0 1
1 0
4
0 0 0 1 1 1 0 2
0 1
4
0 1 1 1 3 0 2 0
1 0
30 20
52
2 5 3 5 4 5 5 5 11 5 16 5 17 5 18 5 19 5 25 5 4 6 11 6 18 6 25 6 4 7 11 7 18 7 25 7 4 8 11 8 18 8 25 8 4 9 7 9 8 9 11 9 18 9 21 9 22 9 25 9 4 10 7 10 9 10 18 10 21 10 23 10 2 11 3 11 4 11 5 11 7 11 8 11 9 11 11 11 16 11 17 11 18 11 19 11 21 11 22 11 23 11 25 11
100
5
0 29060 6876 31960 6094
4
10
4
1 0 0 0 2 0 3 0
1 0
4
1 1 0 1 2 1 3 0
1 1
4
1 0 0 0 2 0 2 1
1 0
4
1 1 0 1 2 1 2 0
1 1
4
1 0 0 0 2 0 1 1
1 0
4
0 1 0 0 1 1 2 0
0 1
4
1 1 0 1 2 0 3 0
1 1
4
1 0 0 0 1 1 2 1
1 0
4
1 1 0 1 1 0 2 0
1 1
4
1 1 0 1 2 0 2 2
1 1
10 15
0

200
50
0 16868 32001 13661 12352 29707 19957 2584 21791 18451 17818 26137 7533 29971 2895 177 8466 17014 23414 23008 15766 6045 13537 31051 12140 26930 28921 8444 29697 8269 12976 28635 16520 22345 22572 12272 6532 2148 23344 19542 22290 2586 19530 11006 8700 30014 21695 26153 13694 20701
5
14
2
0 0 2 0
1 0
3
1 0 0 1 0 2
0 1
3
2 0 1 0 0 1
1 0
3
1 1 1 0 0 1
0 0
4
2 0 1 1 1 2 0 3
1 1
4
2 0 1 0 0 1 0 2
1 1
4
1 1 1 0 0 1 0 2
0 1
4
0 0 1 0 0 1 0 2
0 1
4
1 0 1 1 1 2 0 3
0 1
4
2 0 1 1 0 1 0 2
1 1
4
2 1 2 0 1 0 0 1
1 0
4
1 1 2 0 1 0 0 1
1 0
4
0 0 0 1 1 1 0 2
0 1
4
0 1 1 1 3 0 2 0
1 0
30 20
68
2 6 3 6 4 6 5 6 8 6 10 6 22 6 2 7 5 7 7 7 10 7 21 7 2 8 6 8 8 8 10 8 22 8 2 9 3 9 4 9 5 9 10 9 12 9 15 9 17 9 18 9 19 9 21 9 2 10 5 10 10 10 12 10 15 10 17 10 20 10 22 10 23 10 24 10 2 11 5 11 10 11 12 11 14 11 16 11 17 11 18 11 19 11 21 11 24 11 2 12 6 12 10 12 13 12 14 12 17 12 22 12 25 12 2 13 6 13 10 13 13 13 17 13 18 13 19 13 21 13 24 13 13 14 12 15
100
10
0 22837 22837 15215 24851 11460 14027 32620 32719 15577
6
5
1
0 0
0 0
2
0 0 1 0
0 0
3
0 0 1 0 2 0
1 0
3
0 0 1 0 0 1
0 0
3
0 0 1 0 1 1
1 0
10 10
0

150
50
0 13120 18588 31026 7610 25460 23256 19086 24334 22079 9816 8466 3703 13185 26906 16903 24524 9536 11993 21728 2860 13859 21458 15379 10919 7082 26708 8123 18093 26670 16650 1519 15671 24732 16393 5343 28599 29169 8856 23220 25536 629 24513 14118 17013 6839 25499 17114 25267 8780
7
14
2
0 0 2 0
1 0
3
1 0 0 1 0 2
0 1
3
2 0 1 0 0 1
1 0
3
1 1 1 0 0 1
0 0
4
2 0 1 1 1 2 0 3
1 1
4
2 0 1 0 0 1 0 2
1 1
4
1 1 1 0 0 1 0 2
0 1
4
0 0 1 0 0 1 0 2
0 1
4
1 0 1 1 1 2 0 3
0 1
4
2 0 1 1 0 1 0 2
1 1
4
2 1 2 0 1 0 0 1
1 0
4
1 1 2 0 1 0 0 1
1 0
4
0 0 0 1 1 1 0 2
0 1
4
0 1 1 1 3 0 2 0
1 0
40 20
100
0 5 4 5 30 5 34 5 1 6 4 6 30 6 34 6 1 7 3 7 30 7 34 7 2 8 3 8 29 8 30 8 31 8 32 8 34 8 2 9 5 9 9 9 12 9 13 9 14 9 18 9 19 9 20 9 24 9 25 9 26 9 30 9 34 9 35 9 36 9 2 10 6 10 9 10 12 10 15 10 18 10 21 10 24 10 27 10 30 10 34 10 37 10 2 11 5 11 9 11 11 11 15 11 17 11 21 11 23 11 27 11 30 11 34 11 37 11 2 12 6 12 9 12 12 12 15 12 18 12 21 12 24 12 27 12 30 12 34 12 37 12 2 13 6 13 7 13 8 13 12 13 13 13 14 13 15 13 18 13 19 13 20 13 21 13 24 13 25 13 26 13 30 13 31 13 34 13 37 13 15 14 21 14 14 15 20 15 12 16 13 16 14 16 18 16 19 16 20 16
100
5
0 18705 22828 16651 27669
8
8
4
0 0 1 0 2 0 3 0
1 0
1
0 0
0 0
1
0 0
0 0
1
0 0
0 0
1
0 0
0 0
1
0 0
0 0
1
0 0
0 0
1
0 0
0 0
10 8
0

400
10
0 28581 10596 4491 19012 8000 14104 20240 2629 5696
9
4
4
0 0 1 0 2 0 3 0
1 0
3
0 0 1 0 2 0
1 0
3
0 0 1 0 2 0
1 0
3
0 0 1 0 2 0
1 0
10 8
6
0 3 1 3 2 3 3 3 4 3 5 3
400
5
0 26637 10998 4150 23855
10
1
2
2 0 3 0
0 0
10 7
13
0 1 2 1 4 1 6 1 8 1 1 5 2 5 3 5 4 5 5 5 6 5 7 5 8 5
100
1
0
11
3
1
0 0
2 0
1
0 0
2 0
6
1 0 2 0 0 1 2 1 1 2 2 2
1 1
10 10
0

50
5
0 12877 20528 16526 19558
12
11
1
0 0
4 0
1
0 0
4 0
1
0 0
4 0
1
0 0
4 0
1
0 0
4 0
1
0 0
4 0
1
0 0
4 0
1
0 0
4 0
6
1 0 2 0 0 1 2 1 1 2 2 2
3 5
6
1 0 2 0 0 1 2 1 1 2 2 2
3 5
12
1 0 2 0 3 0 0 1 3 1 0 2 4 2 0 3 3 3 1 4 2 4 3 4
8 6
15 20
0

100
10
0 24762 24103 12700 5864 1155 24803 29992 18660 19102
13
1
17
1 0 2 0 3 0 0 1 1 1 2 1 3 1 0 2 2 2 4 2 0 3 1 3 2 3 3 3 0 4 2 4 4 4
2 2
15 20
0

100
1
0
14
3
1
0 0
0 0
2
0 0 2 0
1 0
3
2 0 0 1 2 2
1 1
50 50
265
21 5 22 5 23 5 24 5 25 5 26 5 27 5 28 5 19 6 20 6 21 6 29 6 30 6 31 6 17 7 18 7 31 7 32 7 16 8 17 8 33 8 15 9 16 9 33 9 34 9 14 10 15 10 16 10 17 10 18 10 33 10 34 10 35 10 36 10 12 11 13 11 16 11 18 11 19 11 32 11 33 11 36 11 12 12 16 12 20 12 21 12 31 12 32 12 34 12 37 12 38 12 11 13 16 13 21 13 29 13 30 13 33 13 38 13 11 14 17 14 22 14 23 14 28 14 29 14 33 14 39 14 10 15 17 15 23 15 24 15 26 15 27 15 32 15 39 15 10 16 17 16 25 16 26 16 32 16 40 16 9 17 17 17 24 17 26 17 32 17 40 17 9 18 18 18 23 18 24 18 27 18 28 18 32 18 41 18 9 19 18 19 21 19 22 19 28 19 29 19 31 19 41 19 9 20 19 20 20 20 21 20 30 20 31 20 41 20 9 21 18 21 19 21 30 21 31 21 41 21 9 22 18 22 19 22 31 22 32 22 33 22 41 22 8 23 16 23 17 23 19 23 30 23 33 23 41 23 9 24 16 24 20 24 30 24 34 24 35 24 41 24 8 25 14 25 15 25 20 25 29 25 35 25 36 25 41 25 9 26 13 26 14 26 20 26 29 26 37 26 41 26 9 27 11 27 12 27 20 27 29 27 37 27 38 27 40 27 9 28 11 28 21 28 29 28 39 28 40 28 9 29 10 29 11 29 12 29 13 29 14 29 15 29 16 29 17 29 18 29 19 29 20 29 21 29 22 29 23 29 24 29 25 29 26 29 27 29 28 29 29 29 30 29 31 29 32 29 33 29 34 29 35 29 36 29 37 29 38 29 39 29 40 29 10 30 21 30 28 30 40 30 10 31 21 31 28 31 40 31 11 32 22 32 28 32 40 32 11 33 22 33 27 33 38 33 39 33 12 34 22 34 27 34 39 34 12 35 22 35 26 35 38 35 13 36 23 36 27 36 37 36 38 36 13 37 23 37 26 37 36 37 14 38 15 38 24 38 26 38 35 38 36 38 15 39 24 39 25 39 34 39 16 40 17 40 18 40 24 40 25 40 32 40 33 40 34 40 18 41 19 41 20 41 24 41 29 41 30 41 31 41 21 42 22 42 23 42 24 42 25 42 26 42 27 42 28 42 29 42
500
1
0
15
1
4
0 0 2 0 0 2 2 2
1 1
15 20
0

100
1
0
16
5
1
0 0
0 0
2
0 0 1 0
0 0
3
0 0 1 0 2 0
1 0
3
0 0 1 0 0 1
0 0
3
0 0 1 0 1 1
1 0
15 20
37
0 9 0 18 0 19 1 9 1 18 2 6 2 12 2 16 3 5 3 8 3 11 4 9 4 10 4 16 4 18 5 9 5 14 5 19 6 17 7 6 7 13 8 6 8 8 8 14 9 10 9 11 10 10 10 12 10 15 10 18 11 5 12 7 12 8 13 8 13 11 13 18 14 10
100
1
0
17
1
1
0 0
0 0
15 15
98
0 8 1 8 2 8 3 8 5 8 6 8 7 8 8 8 9 8 10 8 11 8 12 8 13 8 14 8 0 9 1 9 2 9 3 9 4 9 5 9 6 9 7 9 8 9 9 9 10 9 11 9 12 9 14 9 0 10 2 10 3 10 4 10 5 10 6 10 7 10 8 10 9 10 10 10 11 10 12 10 13 10 14 10 0 11 1 11 2 11 3 11 4 11 5 11 7 11 8 11 9 11 10 11 11 11 12 11 13 11 14 11 0 12 1 12 2 12 4 12 5 12 6 12 7 12 8 12 9 12 10 12 11 12 12 12 13 12 14 12 0 13 1 13 2 13 3 13 4 13 5 13 6 13 7 13 8 13 9 13 10 13 11 13 13 13 14 13 0 14 1 14 2 14 3 14 4 14 5 14 6 14 7 14 8 14 9 14 10 14 11 14 12 14 13 14
100
1
0
18
26
1
0 0
0 0
1
0 0
0 0
1
0 0
0 0
1
0 0
0 0
1
0 0
0 0
1
0 0
0 0
1
0 0
0 0
1
0 0
0 0
1
0 0
0 0
1
0 0
0 0
1
0 0
3 0
1
0 0
3 0
1
0 0
3 0
1
0 0
3 0
1
0 0
3 0
1
0 0
3 0
1
0 0
3 0
1
0 0
3 0
1
0 0
3 0
1
0 0
3 0
17
1 0 2 0 3 0 0 1 1 1 2 1 3 1 0 2 2 2 4 2 0 3 1 3 2 3 3 3 0 4 2 4 4 4
2 2
9
1 0 1 1 2 2 1 3 2 3 1 4 3 4 0 5 3 5
2 2
9
1 0 1 1 2 2 1 3 2 3 1 4 3 4 0 5 3 5
2 2
9
1 0 1 1 2 2 1 3 2 3 1 4 3 4 0 5 3 5
2 2
9
1 0 1 1 2 2 1 3 2 3 1 4 3 4 0 5 3 5
2 2
9
1 0 1 1 2 2 1 3 2 3 1 4 3 4 0 5 3 5
2 2
30 30
178
9 6 12 6 6 7 7 7 8 7 9 7 10 7 11 7 13 7 15 7 4 8 5 8 6 8 7 8 8 8 9 8 10 8 11 8 12 8 13 8 14 8 15 8 5 9 6 9 8 9 10 9 11 9 12 9 13 9 14 9 15 9 16 9 21 9 22 9 24 9 26 9 27 9 7 10 8 10 9 10 10 10 11 10 16 10 23 10 24 10 25 10 26 10 27 10 28 10 29 10 24 11 26 11 27 11 10 21 14 21 18 21 10 22 15 22 19 22 3 23 9 23 10 23 14 23 19 23 26 23 3 24 4 24 9 24 10 24 14 24 15 24 19 24 20 24 23 24 26 24 2 25 3 25 4 25 8 25 9 25 14 25 19 25 20 25 22 25 23 25 25 25 26 25 2 26 3 26 4 26 5 26 8 26 9 26 11 26 14 26 15 26 20 26 21 26 23 26 24 26 25 26 26 26 28 26 29 26 0 27 1 27 3 27 5 27 6 27 8 27 9 27 10 27 11 27 12 27 13 27 14 27 17 27 18 27 20 27 21 27 22 27 23 27 24 27 25 27 26 27 27 27 29 27 0 28 1 28 2 28 3 28 4 28 5 28 6 28 8 28 9 28 10 28 11 28 12 28 13 28 14 28 15 28 16 28 17 28 19 28 20 28 21 28 22 28 23 28 24 28 26 28 27 28 28 28 29 28 0 29 1 29 2 29 3 29 4 29 5 29 6 29 7 29 9 29 11 29 12 29 14 29 16 29 18 29 19 29 21 29 22 29 23 29 24 29 25 29 26 29 27 29 28 29 29 29
1000
1
0
19
1
1
0 0
0 0
15 15
84
0 8 1 8 2 8 6 8 7 8 8 8 9 8 10 8 11 8 12 8 13 8 14 8 0 9 1 9 2 9 3 9 7 9 8 9 9 9 10 9 11 9 12 9 13 9 14 9 0 10 1 10 2 10 3 10 4 10 5 10 9 10 10 10 11 10 12 10 13 10 14 10 0 11 1 11 2 11 3 11 7 11 8 11 9 11 10 11 11 11 12 11 13 11 14 11 0 12 1 12 2 12 3 12 4 12 8 12 9 12 10 12 11 12 12 12 13 12 14 12 0 13 1 13 2 13 6 13 7 13 8 13 9 13 10 13 11 13 12 13 13 13 14 13 0 14 1 14 2 14 6 14 7 14 8 14 9 14 10 14 11 14 12 14 13 14 14 14
100
1
0
20
4
2
0 0 2 0
1 5
2
0 0 0 2
0 6
3
2 0 0 1 2 2
1 6
3
0 0 1 1 0 2
0 6
15 15
0

100
1
0
21
1
1
0 0
0 0
10 8
45
1 2 2 2 3 3 4 3 3 2 4 2 5 3 6 3 5 2 6 2 7 3 8 3 7 2 8 2 9 3 1 4 2 4 3 5 4 5 3 4 4 4 5 5 6 5 5 4 6 4 7 5 8 5 7 4 8 4 9 5 1 6 2 6 3 7 4 7 3 6 4 6 5 7 6 7 5 6 6 6 7 7 8 7 7 6 8 6 9 7
20
1
0
22
1
2
0 0 1 0
0 0
10 8
45
1 2 2 2 3 3 4 3 3 2 4 2 5 3 6 3 5 2 6 2 7 3 8 3 7 2 8 2 9 3 1 4 2 4 3 5 4 5 3 4 4 4 5 5 6 5 5 4 6 4 7 5 8 5 7 4 8 4 9 5 1 6 2 6 3 7 4 7 3 6 4 6 5 7 6 7 5 6 6 6 7 7 8 7 7 6 8 6 9 7
100
1
0
23
1
3
0 0 1 0 2 0
1 0
10 9
24
1 3 2 3 3 3 4 3 5 3 6 3 7 3 8 3 1 5 2 5 3 5 4 5 5 5 6 5 7 5 8 5 1 7 2 7 3 7 4 7 5 7 6 7 7 7 8 7
100
1
0

-1